27270521
27531538
27183802
27109949
27848499
27631987
27551887
27768171
27480566
27208509
27702606
27706628
27922014
27116201
27155287
27904538
27370253
27995602
27377136
27209025
27816643
27260837
27479202
27208336
27135269
27383138
27755882
27170929
27594343
27576310
27786563
27663061
27664248
27180709
27214412
27298004
27280255
27737751
27695531
27982549
27195969
27862141
27561169
27611390
27885791
27704471
27173131
27884262
27619635
27993232
27323785
27476045
27471009
27854264
27827742
27566586
27201902
27243812
27952581
27065424
27428308
27903429
27431310
27080043
27867380
27715362
27755454
27186725
27705885
27908237
27781881
27302654
27424373
27761583
27792102
27405723
27637482
27181204
27730801
27143234
27277009
27105572
27235822
27833583
27652776
27119787
27354935
27344198
27416697
27267874
27908032
27379535
27989411
27069005
27518009
27430146
27180388
27866778
27471719
27837715
27437332
27218942
27100092
27699933
27250967
27326706
27939933
27583330
27704141
27868937
27319191
27988728
27091448
27118458
27205026
27038712
27178411
27697599
27007330
27790528
27714867
27538551
27308291
27398074
27744322
27439204
27393824
27791042
27282321
27882711
27210387
27774935
27094909
27308156
27113299
27422962
27962942
27412073
27947343
27611771
27002262
27012822
27599768
27922883
27303079
27570363
27485554
27019984
27192419
27456539
27602168
27382952
27497639
27372383
27468627
27627581
27209497
27287997
27062093
27631452
27886457
27000294
27326698
27911865
27774432
27767117
27336833
27062302
27912395
27620532
27827537
27725908
27532537
27583491
27922294
27494829
27305929
27613130
27975511
27273137
27023578
27049479
27144435
27380437
27662726
27145986
27714546
27036084
27391662
27986213
27692012
27503977
27607032
27136226
27530753
27075337
27369992
27348171
27480578
27621562
27878711
27018204
27266927
27279705
27632219
27913985
27662291
27086577
27868347
27644205
27635966
27636248
27150596
27051412
27601320
27502579
27745548
27413367
27043174
27154780
27228741
27466254
27729676
27854958
27970196
27882304
27323746
27514702
27832385
27528750
27270989
27642105
27453736
27295920
27467938
27794634
27866314
27255114
27217973
27312783
27232721
27436985
27271153
27005345
27817452
27317873
27578098
27325740
27314187
27141204
27835439
27794673
27299630
27797408
27358878
27666401
27589862
27695553
27588654
27523248
27370652
27384588
27539042
27913809
27140467
27819434
27008178
27448411
27278297
27659472
27575689
27921322
27937674
27628897
27558357
27827510
27471571
27858093
27590710
27282657
27951667
27167021
27144099
27443233
27133352
27525108
27741627
27560579
27484045
27493321
27880193
27294182
27604681
27623499
27530169
27155052
27351356
27692268
27587304
27332406
27403688
27721343
27607945
27242983
27872819
27920972
27705938
27469784
27278097
27627218
27121793
27326894
27729568
27126889
27976293
27568834
27921053
27530812
27454166
27749574
27262565
27254389
27207053
27450794
27704449
27690527
27818940
27471715
27389877
27069320
27825122
27309879
27720486
27180157
27696800
27483985
27657840
27860411
27892123
27254312
27314391
27788178
27213487
27079061
27310526
27715954
27523170
27286425
27508354
27801351
27346786
27356318
27176457
27274825
27409263
27562945
27328990
27863427
27180695
27070335
27558027
27615932
27229587
27433240
27393422
27296361
27344332
27205086
27454036
27238285
27920105
27349133
27182246
27292452
27881609
27132273
27284017
27193877
27959938
27571837
27290876
27273357
27877670
27617174
27739350
27105026
27090485
27066449
27885419
27494331
27961425
27943964
27563452
27548807
27982211
27934902
27054444
27705185
27890118
27041489
27767762
27724872
27156432
27892107
27980737
27076471
27017586
27852378
27407292
27473225
27337148
27008323
27687319
27732639
27428406
27853981
27484278
27778039
27833001
27127982
27516174
27647387
27286085
27877829
27277572
27422343
27028712
27093225
27926245
27190548
27355681
27868183
27592812
27885291
27226929
27345230
27080303
27820547
27072555
27820899
27942616
27090998
27323837
27959057
27745285
27437193
27668340
27262029
27566472
27724103
27284047
27148684
27346088
27032151
27220403
27335434
27117030
27501081
27031911
27416395
27267344
27911301
27148703
27775481
27828495
27107721
27442686
27409089
27813706
27362227
27250375
27396860
27796777
27145758
27924830
27740843
27061493
27959351
27634727
27295116
27617662
27892393
27248076
27040899
27132571
27546018
27122674
27704099
27795289
27183158
27480655
27609531
27483789
27283746
27028416
27379797
27610713
27810948
27131126
27854552
