1279
1321
1920
1268
1550
1073
1038
1042
1530
1967
1066
1587
1208
1856
1211
1413
1369
1757
1094
1056
1163
1573
1107
1835
1336
1096
1526
1214
1625
1746
1162
1638
1211
1266
1235
1331
1782
1064
1734
1168
1608
1576
1496
1252
1317
1065
1981
1742
1346
1466
1072
1054
1164
1399
1899
1116
1196
1234
1317
1607
1438
1953
1659
1159
1596
1751
1301
1831
1005
1372
1934
1116
1342
1721
1911
1085
1988
1539
1684
1110
1411
1190
1915
1566
1783
1384
1168
1149
1535
1138
1760
1547
1052
1232
1718
1273
1952
1138
1033
1275
