189175
151327
166820
174501
169768
146328
140776
101969
102865
190798
181378
163082
137780
132057
193667
190780
158267
132216
150442
193463
149055
188840
101375
165635
173604
181885
151142
110462
166142
182856
118136
173402
130725
191246
192708
132767
153919
188772
175349
181324
137903
149114
119057
196797
115249
178248
146181
178303
181767
148665
154651
113577
171324
149681
146702
196422
106431
157651
198861
110095
167551
126295
168838
140038
158195
100038
140541
107449
190433
129480
159848
129919
176457
166269
182185
121584
131512
176844
183376
197096
107229
124564
133695
142387
115825
175797
119772
124276
146210
125140
170856
156783
112859
183921
150174
130528
198183
168128
185500
120654
