3083
4648
8729
6995
9721
2149
6136
9582
5972
8458
5633
5532
7009
8833
3976
8751
1056
9172
2687
1807
8162
2280
8400
7864
8776
1865
8081
9788
9929
8200
1249
3721
9796
6523
3652
1402
5323
5015
6090
2475
8857
2277
9309
7302
5400
9357
7649
9894
6015
1747
4426
9026
4706
3170
2610
3190
1152
6848
7261
8938
5498
7825
5160
3809
3685
8480
3650
6604
8687
1440
5820
4557
7470
8582
2244
4469
2595
1647
7692
2331
8560
6200
7442
4597
1730
5664
3984
2182
3218
4923
1686
5516
6210
7975
7134
9677
8773
3421
2551
8645
2543
2329
3673
2324
5840
4926
1199
7072
6298
6990
5294
7652
4381
5485
5462
5912
8825
1680
5001
7044
7797
1069
3313
6380
2428
4289
9688
3922
5043
7587
9657
6686
6771
9254
7168
3212
7636
2286
6169
5150
5163
4453
2729
7009
4441
5765
7711
2613
3548
2213
8504
3449
1500
3316
8283
1396
7246
1188
7491
7335
8100
1939
5815
1580
6263
4577
5145
5612
4512
4577
4654
5194
6019
6378
5863
2333
3535
2432
9748
2577
8292
4796
9763
2052
8558
2019
1516
3196
4665
8871
2659
7048
5601
5940
3246
3955
3351
1730
8233
5767
