1009 1009 1004 1001
1004 1003 1001 1004
1008 1004 1007 1007
1003 1003 1001 1003
1005 1008 2283 4757
4060 1001 1002 1006
1000 1006 1002 1009
1003 1005 1002 1003
6576 1006 1002 1000
1000 1002 1009 1002
1009 1007 1009 1002
1002 1004 1009 1007
1008 1001 1005 1002
9926 8472 1004 3413
1002 1001 1002 1004
1002 1005 1006 4429
1009 1006 1009 1006
7762 1006 1001 1005
1004 1007 1006 1005
1003 9225 1000 1002
1006 1000 1003 1007
1006 1005 1005 1009
1004 1006 1003 1006
1005 1009 1004 7393
1008 1004 1009 1003
1003 1002 1001 1008
4943 1001 1009 1008
1004 1009 1007 1008
1001 1004 1005 7082
1006 1000 1004 1001
1001 1007 1006 1009
1008 1003 1006 3796
1003 1001 9448 1000
1006 1006 1007 1009
1007 1008 1001 1007
1003 1007 1003 1009
1009 1005 1006 1002
7871 1003 1009 1005
1001 1001 1003 1007
1001 1004 1005 1008
1009 1008 1006 1007
3475 1000 1005 9176
1001 1003 1007 1004
1008 1006 1008 1003
1005 6579 1000 1005
1002 1009 1002 1003
1000 1008 1007 1002
1008 1009 1004 5337
1000 1007 1002 1004
1007 1003 1004 1004
