20 30 55 52
54 43 35 85
87 68 43 96
46 68 88 17
35 30 57 19
39 71 24 33
46 26 67 86
39 59 88 23
50 18 25 44
87 31 80 22
15 54 26 99
79 21 71 37
98 43 85 25
32 20 17 27
85 28 49 50
31 93 98 12
13 84 16 81
80 54 33 50
65 62 89 60
70 90 27 41
99 89 31 28
39 91 80 83
72 60 18 30
18 39 24 23
86 20 29 49
56 52 44 34
36 70 89 69
24 62 15 40
56 42 42 96
14 48 77 73
75 10 97 94
31 26 55 49
51 44 22 42
53 41 45 67
63 69 92 24
19 62 86 65
96 30 78 43
17 71 44 98
33 19 83 31
47 41 18 96
21 14 49 35
81 53 17 34
14 82 32 84
63 29 63 43
95 90 59 53
69 80 90 93
91 10 15 88
51 87 28 58
13 83 61 37
45 79 15 99
35 56 52 11
34 61 98 75
11 41 74 67
25 60 72 21
11 16 70 92
14 59 23 54
74 26 87 30
32 66 38 73
42 79 67 82
13 34 76 32
11 48 68 47
40 75 39 42
57 47 56 45
16 55 84 53
23 74 50 90
45 12 73 72
97 94 21 81
66 77 41 66
95 29 81 45
58 68 29 37
14 12 82 97
40 19 70 62
89 40 28 93
92 55 10 22
37 57 27 52
94 51 36 95
22 33 36 38
75 11 46 99
64 13 46 10
28 66 16 58
19 78 73 16
78 17 91 83
64 85 82 97
25 88 51 95
35 24 63 71
65 78 59 20
58 29 22 92
12 79 20 64
23 48 21 15
77 38 27 38
60 36 44 86
74 25 61 64
13 72 61 37
47 69 65 33
40 46 34 12
91 94 26 27
57 36 38 32
84 76 77 18
76 48 93 76
